3
72
1 0 1 2
0 2 1 4
2 3 0 10
0 3 4 6
0 3 2 6
4 3 4 -82
0 4 0 8
4 4 0 16
4 2 4 -52
4 0 3 8
3 2 0 10
3 0 2 6
0 0 0 0
1 0 0 2
0 1 0 2
1 2 0 6
1 1 0 4
2 1 0 6
1 0 2 2
1 1 1 2
0 1 1 2
0 0 1 0
0 0 2 0
0 1 2 2
1 0 3 2
2 0 3 4
1 0 4 2
0 0 3 0
0 1 3 2
0 0 4 0
0 1 4 2
0 2 4 4
2 0 4 4
0 2 3 4
0 2 2 4
1 4 4 -22
2 4 4 -52
0 3 3 6
0 4 4 8
0 4 3 8
0 4 2 8
0 4 1 8
0 3 0 6
0 2 0 4
0 3 1 6
2 2 0 8
1 3 0 8
1 4 0 10
2 4 0 12
3 4 0 14
3 3 0 12
4 3 0 14
4 4 1 -16
4 4 2 -48
4 4 3 -80
3 4 4 -82
4 4 4 -112
4 1 4 -22
4 0 4 8
3 0 3 6
3 0 4 6
4 0 2 8
4 0 1 8
2 0 2 4
2 0 1 4
2 0 0 4
3 0 1 6
3 1 0 8
4 2 0 12
4 1 0 10
3 0 0 6
4 0 0 8
288
24 19 35 29
52 0 8 59
1 24 23 19
21 15 22 0
25 0 28 19
68 71 18 0
1 2 21 24
67 0 71 72
0 2 24 21
11 12 63 62
44 16 17 0
28 0 23 19
15 44 17 0
47 3 41 5
9 0 37 58
3 11 51 60
0 41 49 40
0 5 42 41
23 19 24 28
0 45 5 35
0 42 48 41
61 0 39 4
11 63 70 62
2 44 21 0
64 12 46 26
13 15 14 0
48 49 3 0
2 16 17 44
50 52 8 59
50 8 52 0
0 28 29 30
2 35 16 45
32 0 33 4
30 25 28 29
61 0 33 60
55 0 54 56
34 25 31 29
47 16 46 5
2 16 44 43
0 24 35 29
15 17 14 0
6 0 54 55
7 48 47 0
68 67 63 12
57 0 55 56
35 19 34 29
64 0 67 12
18 64 65 67
50 61 39 51
19 64 65 35
22 15 13 0
22 21 0 23
26 60 38 4
42 48 41 47
2 17 21 44
26 12 3 38
32 25 31 34
43 16 44 0
11 70 63 68
1 0 22 14
0 45 42 5
58 36 8 59
15 14 22 13
53 0 8 36
47 46 3 5
1 0 65 19
0 35 5 34
0 38 40 4
51 62 69 10
68 72 67 71
18 46 68 0
38 60 40 4
1 23 0 19
66 17 1 65
64 0 65 67
17 16 18 0
42 45 47 5
7 45 47 42
64 67 46 12
41 3 49 40
0 31 29 34
1 21 23 24
51 11 69 62
0 24 23 21
65 0 64 19
38 32 26 4
22 0 13 14
26 0 27 25
12 11 3 60
33 26 27 32
17 14 1 21
2 17 1 21
45 35 16 5
17 14 21 15
15 14 21 22
21 14 1 22
31 25 30 29
28 0 25 30
65 16 64 18
0 23 24 28
35 64 46 5
1 22 0 23
1 21 22 23
11 70 68 0
28 19 24 29
17 19 1 65
26 25 32 34
10 0 61 60
0 28 24 29
30 0 25 27
6 0 55 57
33 26 32 4
63 0 62 12
0 40 39 4
26 60 12 38
0 32 38 4
5 34 64 38
60 0 62 10
72 68 70 0
64 0 25 19
34 19 35 64
5 64 46 38
48 3 49 41
46 11 3 12
42 47 41 5
0 30 29 31
28 19 29 25
33 0 61 4
27 25 30 31
30 0 27 31
61 60 33 4
40 60 39 4
0 48 49 41
0 35 34 29
31 0 27 32
32 25 27 31
26 25 27 32
60 61 39 4
54 0 53 37
29 19 34 25
17 16 65 18
36 0 8 39
63 0 70 62
26 0 25 64
0 5 41 38
71 66 18 0
50 10 52 59
0 34 5 38
32 0 27 33
50 10 61 51
0 31 34 32
0 2 35 24
1 2 24 35
1 35 24 19
35 19 1 17
2 35 1 17
2 16 35 17
35 16 20 17
35 20 19 17
20 65 16 35
65 64 16 35
40 3 51 38
47 3 46 0
68 46 11 0
34 32 26 38
0 32 34 38
45 16 47 5
60 12 11 62
11 70 69 62
41 3 40 38
0 41 40 38
5 3 41 38
50 52 51 0
16 35 46 5
50 51 52 10
2 43 44 0
44 15 21 0
5 46 3 38
46 26 3 38
0 7 48 42
48 3 47 0
0 2 45 35
44 17 21 15
0 2 43 45
43 2 16 45
0 50 8 39
7 47 48 42
48 3 41 47
0 45 7 42
0 43 7 45
46 3 11 0
62 0 69 10
16 46 18 0
17 20 19 65
17 16 20 65
19 65 20 35
34 19 64 25
12 0 62 60
16 47 46 0
43 47 16 0
7 47 43 0
7 43 47 45
43 16 47 45
0 40 50 39
59 0 39 61
50 10 39 61
10 59 39 61
10 0 59 61
0 49 50 40
16 64 46 35
12 0 67 63
70 0 69 62
72 68 63 70
49 3 51 40
49 51 50 40
40 50 39 51
49 50 51 0
37 0 53 36
16 18 46 64
3 51 11 0
49 51 3 0
6 57 55 56
56 0 54 37
12 60 3 38
60 26 33 4
58 53 8 36
6 55 54 56
6 0 57 56
58 0 8 53
59 36 8 39
9 37 53 58
59 0 8 58
60 10 62 51
34 35 5 64
38 51 40 60
33 0 27 26
52 0 59 10
3 60 51 38
50 59 8 39
40 51 39 60
60 0 33 26
59 0 36 39
60 62 11 51
50 10 59 39
58 37 53 36
58 0 37 36
67 68 46 12
58 0 36 59
9 0 58 53
64 26 46 38
60 10 51 61
60 51 39 61
9 0 56 37
9 56 54 37
9 54 53 37
9 0 53 54
6 0 9 54
6 56 54 9
6 0 56 9
34 64 26 25
64 34 26 38
12 0 60 26
71 68 72 0
51 69 52 10
46 12 3 26
68 11 46 12
12 0 26 64
66 17 65 18
11 68 63 12
1 0 66 65
14 17 1 66
65 0 66 71
66 17 18 0
1 0 14 66
14 17 66 0
64 18 46 67
69 0 52 10
68 63 67 72
67 0 72 63
72 70 63 0
18 68 46 67
51 69 11 0
51 52 69 0
11 69 70 0
18 65 66 71
18 65 71 67
65 0 71 67
68 67 18 71
45 39 104 153
231 28 236 29
18 72 153 81
50 51 176 94
11 126 119 97
145 70 262 287
8 81 152 91
262 69 278 286
6 83 23 151
112 22 167 268
75 12 57 27
72 18 4 99
10 40 176 182
171 124 64 187
245 230 248 252
242 237 88 219
79 208 170 132
124 20 144 60
104 99 11 2
92 66 181 60
53 132 17 179
113 137 127 204
142 168 9 58
176 8 175 54
264 249 266 78
40 86 50 62
220 180 132 122
10 54 38 156
1 238 146 29
1 172 185 28
33 125 97 108
92 184 181 156
127 111 115 148
126 30 96 97
240 130 107 127
222 226 44 41
96 80 139 56
173 64 166 198
57 175 184 27
0 133 108 151
274 25 12 93
35 226 110 256
180 200 179 186
210 268 246 277
35 221 227 110
139 133 0 120
210 78 266 74
74 285 275 98
251 215 149 205
160 195 120 84
25 86 3 62
83 101 102 3
71 85 224 114
187 124 186 20
182 23 27 91
223 178 114 264
36 150 106 135
10 175 199 38
212 268 103 22
86 95 273 101
76 17 19 188
229 231 247 225
86 50 25 94
141 225 217 228
177 13 37 162
84 105 72 269
233 147 133 19
71 113 115 170
191 263 232 82
7 287 262 277
163 5 192 280
131 67 52 234
11 65 2 101
105 269 267 270
286 47 46 84
192 272 10 140
166 124 60 77
76 186 188 201
246 24 46 275
213 16 169 122
36 133 150 125
83 2 6 102
168 68 242 281
81 51 8 99
119 49 65 74
111 52 115 164
25 62 59 50
109 136 143 235
15 223 167 123
136 148 111 235
95 91 93 270
90 6 54 155
173 166 19 31
94 182 40 90
95 3 62 93
59 102 94 90
33 125 36 128
109 33 30 4
218 47 140 160
18 108 11 83
121 173 233 209
51 72 102 59
51 101 81 95
118 163 283 58
0 108 126 18
65 73 193 154
56 164 259 136
34 250 117 207
104 39 30 99
87 128 129 97
44 221 227 41
85 32 224 89
197 9 210 142
131 21 67 203
223 55 52 261
85 67 32 165
260 121 147 233
191 232 107 197
103 279 262 212
4 196 84 143
49 233 196 45
249 177 116 100
79 132 187 26
88 264 265 190
13 17 76 53
96 80 129 30
139 33 4 104
21 130 32 34
96 129 135 109
134 128 125 109
224 127 137 34
137 113 71 239
122 16 20 26
45 80 39 66
148 135 150 129
128 134 56 136
135 89 106 87
21 131 130 251
217 254 222 255
196 36 126 45
98 267 75 194
185 229 241 63
211 22 112 279
119 259 266 87
171 170 147 17
272 5 271 284
236 28 243 174
116 144 165 66
235 89 32 134
250 48 174 205
56 165 134 80
152 39 8 181
151 153 155 6
0 2 154 152
105 155 158 153
154 91 156 152
157 155 27 31
194 158 156 159
193 154 157 195
160 157 195 194
209 159 49 98
237 234 169 213
190 198 180 64
190 103 70 265
85 260 165 106
164 147 115 150
37 76 92 202
9 242 197 88
211 82 22 283
161 170 171 79
169 67 144 16
169 144 177 13
282 216 29 174
100 37 92 209
263 146 149 172
57 23 183 38
3 23 12 182
178 171 121 64
55 177 249 264
186 20 188 42
162 42 26 187
31 19 151 183
93 176 12 54
184 189 181 175
31 202 183 38
238 141 203 29
53 179 77 42
13 53 180 122
77 179 60 189
201 188 183 200
219 163 162 123
276 68 117 211
70 75 198 218
195 105 194 158
159 193 140 157
159 158 49 193
119 259 139 120
117 167 261 112
162 192 199 37
198 57 200 202
199 189 42 201
202 77 189 200
166 201 184 199
215 185 113 208
21 206 207 241
206 48 149 243
204 205 207 243
204 206 107 236
214 203 16 216
100 173 160 218
278 43 112 46
191 168 142 283
58 279 118 277
161 214 79 220
215 208 213 216
48 239 214 203
172 220 208 214
63 244 245 138
275 209 98 192
281 190 220 15
219 26 216 213
44 226 227 110
138 253 252 35
237 55 114 88
111 130 52 240
63 61 244 228
35 257 221 41
44 221 258 110
63 225 248 231
141 238 241 61
244 248 14 254
228 61 247 1
68 242 250 117
100 116 120 66
239 71 237 161
87 89 240 148
207 146 276 1
234 161 223 15
229 185 243 28
251 131 234 215
235 224 261 34
141 229 204 247
82 15 232 167
206 238 205 146
217 225 245 230
217 244 247 14
265 78 43 280
241 61 231 245
228 230 255 14
178 121 260 24
149 251 107 232
48 137 250 239
222 253 14 258
222 254 252 257
138 230 253 255
138 254 256 248
255 257 41 258
253 256 258 226
252 257 256 227
143 106 196 260
164 249 116 259
240 114 266 197
118 7 5 69
276 174 68 282
55 178 24 123
123 246 268 163
143 24 46 261
140 284 272 73
43 9 265 58
271 73 65 273
73 273 274 90
145 284 286 269
75 145 274 267
274 270 269 59
272 273 40 270
280 78 47 218
236 263 191 282
278 69 212 43
279 277 210 7
142 278 118 212
246 275 287 70
283 219 282 82
276 281 172 263
211 103 281 168
271 145 285 267
286 287 47 284
7 285 74 271
285 5 69 280
































































































































































































































































































